0.0167750000 0.0003893761
0.0183070000 0.0005526023
0.0197400000 0.0007196314
0.0210910000 0.0009326467
0.0223710000 0.0012170185
0.0235920000 0.0016042881
0.0247610000 0.0021395327
0.0258840000 0.0028809320
0.0269670000 0.0039148878
0.0280150000 0.0053687286
0.0290320000 0.0074081383
0.0300200000 0.0102938394
0.0309840000 0.0143877708
0.0319250000 0.0202052327
0.0328450000 0.0284783043
0.0337470000 0.0401805184
0.0346320000 0.0565845803
0.0355010000 0.0792191135
0.0363550000 0.1096421581
0.0371950000 0.1489597234
0.0380230000 0.1969618466
0.0388390000 0.2508046302
0.0396440000 0.3045072654
0.0404380000 0.3499980791
0.0412240000 0.3811467350
0.0420020000 0.3981191111
0.0427720000 0.4063909604
0.0435340000 0.4113257782
0.0442880000 0.4152104611
0.0450330000 0.4186029847
0.0457640000 0.4216290507
0.0464730000 0.4243352765
0.0471490000 0.4267387675
0.0477730000 0.4288277293
0.0483260000 0.4305903896
0.0487840000 0.4319955608
0.0491760000 0.4331581001
0.0494340000 0.4339066693
0.0496400000 0.4344947631
0.0498460000 0.4350763430
0.0500650000 0.4356841228
0.0503000000 0.4363301322
0.0505570000 0.4370238374
0.0508390000 0.4377715849
0.0511490000 0.4385799799
0.0514900000 0.4394540656
0.0518660000 0.4403988140
0.0522790000 0.4414144846
0.0527320000 0.4425044347
0.0716770000 0.4759671058
0.0906220000 0.4995358301
0.1095700000 0.5192618461
0.1285100000 0.5368539579
0.1474600000 0.5530555236
0.1664000000 0.5682610324
0.1853500000 0.5827085892
0.2042900000 0.5965536506
0.2232400000 0.6099052163
0.2421900000 0.6228445614
0.2611300000 0.6354325437
0.2800800000 0.6477160669
0.2990200000 0.6597315224
0.3179700000 0.6715087193
0.3369100000 0.6830712213
0.3558600000 0.6944361035
0.3748000000 0.7056186655
0.3937500000 0.7166283472
0.4126900000 0.7274767433
0.4316400000 0.7381693142
0.4505800000 0.7487115307
0.4695300000 0.7591096108
0.4884800000 0.7693654260
0.5074200000 0.7794836950
0.5263700000 0.7894660956
0.5453100000 0.7993151521
0.5642600000 0.8090324779
0.5832000000 0.8186199636
0.6021500000 0.8280802965
0.6210900000 0.8374140918
0.6400400000 0.8466232461
0.6589800000 0.8557085931
0.6779300000 0.8646725160
0.6968700000 0.8735171010
0.7158200000 0.8822420884
0.7347600000 0.8908508466
0.7537100000 0.8993434302
0.7726600000 0.9077228995
0.7916000000 0.9159903557
0.8105500000 0.9241466850
0.8294900000 0.9321948394
0.8484400000 0.9401350696
0.8673800000 0.9479694894
0.8863300000 0.9557003674
0.9052700000 0.9633301274
0.9242200000 0.9708581861
0.9431600000 0.9782880370
0.9621100000 0.9856202096
0.9810500000 0.9928574482
1.0000000000 1.0000000000
