-9598.00000000
-9594.00000000
-9590.00000000
-9586.00000000
-9582.00000000
-9578.00000000
-9574.00000000
-9570.00000000
-9566.00000000
-9562.00000000
-9558.00000000
-9554.00000000
-9550.00000000
-9546.00000000
-9542.00000000
-9538.00000000
-9534.00000000
-9530.00000000
-9526.00000000
-9522.00000000
-9518.00000000
-9514.00000000
-9510.00000000
-9506.00000000
-9502.00000000
-9498.00000000
-9494.00000000
-9490.00000000
-9486.00000000
-9482.00000000
-9478.00000000
-9474.00000000
-9470.00000000
-9466.00000000
-9462.00000000
-9458.00000000
-9454.00000000
-9450.00000000
-9446.00000000
-9442.00000000
-9438.00000000
-9434.00000000
-9430.00000000
-9426.00000000
-9422.00000000
-9418.00000000
-9414.00000000
-9410.00000000
-9406.00000000
-9402.00000000
-9398.00000000
-9394.00000000
-9390.00000000
-9386.00000000
-9382.00000000
-9378.00000000
-9374.00000000
-9370.00000000
-9366.00000000
-9362.00000000
-9358.00000000
-9354.00000000
-9350.00000000
-9346.00000000
-9342.00000000
-9338.00000000
-9334.00000000
-9330.00000000
-9326.00000000
-9322.00000000
-9318.00000000
-9314.00000000
-9310.00000000
-9306.00000000
-9302.00000000
-9298.00000000
-9294.00000000
-9290.00000000
-9286.00000000
-9282.00000000
-9278.00000000
-9274.00000000
-9270.00000000
-9266.00000000
-9262.00000000
-9258.00000000
-9254.00000000
-9250.00000000
-9246.00000000
-9242.00000000
-9238.00000000
-9234.00000000
-9230.00000000
-9226.00000000
-9222.00000000
-9218.00000000
-9214.00000000
-9210.00000000
-9206.00000000
-9202.00000000
-9198.00000000
-9194.00000000
-9190.00000000
-9186.00000000
-9182.00000000
-9178.00000000
-9174.00000000
-9170.00000000
-9166.00000000
-9162.00000000
-9158.00000000
-9154.00000000
-9150.00000000
-9146.00000000
-9142.00000000
-9138.00000000
-9134.00000000
-9130.00000000
-9126.00000000
-9122.00000000
-9118.00000000
-9114.00000000
-9110.00000000
-9106.00000000
-9102.00000000
-9098.00000000
-9094.00000000
-9090.00000000
-9086.00000000
-9082.00000000
-9078.00000000
-9074.00000000
-9070.00000000
-9066.00000000
-9062.00000000
-9058.00000000
-9054.00000000
-9050.00000000
-9046.00000000
-9042.00000000
-9038.00000000
-9034.00000000
-9030.00000000
-9026.00000000
-9022.00000000
-9018.00000000
-9014.00000000
-9010.00000000
-9006.00000000
-9002.00000000
-8998.00000000
-8994.00000000
-8990.00000000
-8986.00000000
-8982.00000000
-8978.00000000
-8974.00000000
-8970.00000000
-8966.00000000
-8962.00000000
-8958.00000000
-8954.00000000
-8950.00000000
-8946.00000000
-8942.00000000
-8938.00000000
-8934.00000000
-8930.00000000
-8926.00000000
-8922.00000000
-8918.00000000
-8914.00000000
-8910.00000000
-8906.00000000
-8902.00000000
-8898.00000000
-8894.00000000
-8890.00000000
-8886.00000000
-8882.00000000
-8878.00000000
-8874.00000000
-8870.00000000
-8866.00000000
-8862.00000000
-8858.00000000
-8854.00000000
-8850.00000000
-8846.00000000
-8842.00000000
-8838.00000000
-8834.00000000
-8830.00000000
-8826.00000000
-8822.00000000
-8818.00000000
-8814.00000000
-8810.00000000
-8806.00000000
-8802.00000000
-8798.00000000
-8794.00000000
-8790.00000000
-8786.00000000
-8782.00000000
-8778.00000000
-8774.00000000
-8770.00000000
-8766.00000000
-8762.00000000
-8758.00000000
-8754.00000000
-8750.00000000
-8746.00000000
-8742.00000000
-8738.00000000
-8734.00000000
-8730.00000000
-8726.00000000
-8722.00000000
-8718.00000000
-8714.00000000
-8710.00000000
-8706.00000000
-8702.00000000
-8698.00000000
-8694.00000000
-8690.00000000
-8686.00000000
-8682.00000000
-8678.00000000
-8674.00000000
-8670.00000000
-8666.00000000
-8662.00000000
-8658.00000000
-8654.00000000
-8650.00000000
-8646.00000000
-8642.00000000
-8638.00000000
-8634.00000000
-8630.00000000
-8626.00000000
-8622.00000000
-8618.00000000
-8614.00000000
-8610.00000000
-8606.00000000
-8602.00000000
-8598.00000000
-8594.00000000
-8590.00000000
-8586.00000000
-8582.00000000
-8578.00000000
-8574.00000000
-8570.00000000
-8566.00000000
-8562.00000000
-8558.00000000
-8554.00000000
-8550.00000000
-8546.00000000
-8542.00000000
-8538.00000000
-8534.00000000
-8530.00000000
-8526.00000000
-8522.00000000
-8518.00000000
-8514.00000000
-8510.00000000
-8506.00000000
-8502.00000000
-8498.00000000
-8494.00000000
-8490.00000000
-8486.00000000
-8482.00000000
-8478.00000000
-8474.00000000
-8470.00000000
-8466.00000000
-8462.00000000
-8458.00000000
-8454.00000000
-8450.00000000
-8446.00000000
-8442.00000000
-8438.00000000
-8434.00000000
-8430.00000000
-8426.00000000
-8422.00000000
-8418.00000000
-8414.00000000
-8410.00000000
-8406.00000000
-8402.00000000
-8398.00000000
-8394.00000000
-8390.00000000
-8386.00000000
-8382.00000000
-8378.00000000
-8374.00000000
-8370.00000000
-8366.00000000
-8362.00000000
-8358.00000000
-8354.00000000
-8350.00000000
-8346.00000000
-8342.00000000
-8338.00000000
-8334.00000000
-8330.00000000
-8326.00000000
-8322.00000000
-8318.00000000
-8314.00000000
-8310.00000000
-8306.00000000
-8302.00000000
-8298.00000000
-8294.00000000
-8290.00000000
-8286.00000000
-8282.00000000
-8278.00000000
-8274.00000000
-8270.00000000
-8266.00000000
-8262.00000000
-8258.00000000
-8254.00000000
-8250.00000000
-8246.00000000
-8242.00000000
-8238.00000000
-8234.00000000
-8230.00000000
-8226.00000000
-8222.00000000
-8218.00000000
-8214.00000000
-8210.00000000
-8206.00000000
-8202.00000000
-8198.00000000
-8194.00000000
-8190.00000000
-8186.00000000
-8182.00000000
-8178.00000000
-8174.00000000
-8170.00000000
-8166.00000000
-8162.00000000
-8158.00000000
-8154.00000000
-8150.00000000
-8146.00000000
-8142.00000000
-8138.00000000
-8134.00000000
-8130.00000000
-8126.00000000
-8122.00000000
-8118.00000000
-8114.00000000
-8110.00000000
-8106.00000000
-8102.00000000
-8098.00000000
-8094.00000000
-8090.00000000
-8086.00000000
-8082.00000000
-8078.00000000
-8074.00000000
-8070.00000000
-8066.00000000
-8062.00000000
-8058.00000000
-8054.00000000
-8050.00000000
-8046.00000000
-8042.00000000
-8038.00000000
-8034.00000000
-8030.00000000
-8026.00000000
-8022.00000000
-8018.00000000
-8014.00000000
-8010.00000000
-8006.00000000
-8002.00000000
-7998.00000000
-7994.00000000
-7990.00000000
-7986.00000000
-7982.00000000
-7978.00000000
-7974.00000000
-7970.00000000
-7966.00000000
-7962.00000000
-7958.00000000
-7954.00000000
-7950.00000000
-7946.00000000
-7942.00000000
-7938.00000000
-7934.00000000
-7930.00000000
-7926.00000000
-7922.00000000
-7918.00000000
-7914.00000000
-7910.00000000
-7906.00000000
-7902.00000000
-7898.00000000
-7894.00000000
-7890.00000000
-7886.00000000
-7882.00000000
-7878.00000000
-7874.00000000
-7870.00000000
-7866.00000000
-7862.00000000
-7858.00000000
-7854.00000000
-7850.00000000
-7846.00000000
-7842.00000000
-7838.00000000
-7834.00000000
-7830.00000000
-7826.00000000
-7822.00000000
-7818.00000000
-7814.00000000
-7810.00000000
-7806.00000000
-7802.00000000
-7798.00000000
-7794.00000000
-7790.00000000
-7786.00000000
-7782.00000000
-7778.00000000
-7774.00000000
-7770.00000000
-7766.00000000
-7762.00000000
-7758.00000000
-7754.00000000
-7750.00000000
-7746.00000000
-7742.00000000
-7738.00000000
-7734.00000000
-7730.00000000
-7726.00000000
-7722.00000000
-7718.00000000
-7714.00000000
-7710.00000000
-7706.00000000
-7702.00000000
-7698.00000000
-7694.00000000
-7690.00000000
-7686.00000000
-7682.00000000
-7678.00000000
-7674.00000000
-7670.00000000
-7666.00000000
-7662.00000000
-7658.00000000
-7654.00000000
-7650.00000000
-7646.00000000
-7642.00000000
-7638.00000000
-7634.00000000
-7630.00000000
-7626.00000000
-7622.00000000
-7618.00000000
-7614.00000000
-7610.00000000
-7606.00000000
-7602.00000000
-7598.00000000
-7594.00000000
-7590.00000000
-7586.00000000
-7582.00000000
-7578.00000000
-7574.00000000
-7570.00000000
-7566.00000000
-7562.00000000
-7558.00000000
-7554.00000000
-7550.00000000
-7546.00000000
-7542.00000000
-7538.00000000
-7534.00000000
-7530.00000000
-7526.00000000
-7522.00000000
-7518.00000000
-7514.00000000
-7510.00000000
-7506.00000000
-7502.00000000
-7498.00000000
-7494.00000000
-7490.00000000
-7486.00000000
-7482.00000000
-7478.00000000
-7474.00000000
-7470.00000000
-7466.00000000
-7462.00000000
-7458.00000000
-7454.00000000
-7450.00000000
-7446.00000000
-7442.00000000
-7438.00000000
-7434.00000000
-7430.00000000
-7426.00000000
-7422.00000000
-7418.00000000
-7414.00000000
-7410.00000000
-7406.00000000
-7402.00000000
-7398.00000000
-7394.00000000
-7390.00000000
-7386.00000000
-7382.00000000
-7378.00000000
-7374.00000000
-7370.00000000
-7366.00000000
-7362.00000000
-7358.00000000
-7354.00000000
-7350.00000000
-7346.00000000
-7342.00000000
-7338.00000000
-7334.00000000
-7330.00000000
-7326.00000000
-7322.00000000
-7318.00000000
-7314.00000000
-7310.00000000
-7306.00000000
-7302.00000000
-7298.00000000
-7294.00000000
-7290.00000000
-7286.00000000
-7282.00000000
-7278.00000000
-7274.00000000
-7270.00000000
-7266.00000000
-7262.00000000
-7258.00000000
-7254.00000000
-7250.00000000
-7246.00000000
-7242.00000000
-7238.00000000
-7234.00000000
-7230.00000000
-7226.00000000
-7222.00000000
-7218.00000000
-7214.00000000
-7210.00000000
-7206.00000000
-7202.00000000
-7198.00000000
-7194.00000000
-7190.00000000
-7186.00000000
-7182.00000000
-7178.00000000
-7174.00000000
-7170.00000000
-7166.00000000
-7162.00000000
-7158.00000000
-7154.00000000
-7150.00000000
-7146.00000000
-7142.00000000
-7138.00000000
-7134.00000000
-7130.00000000
-7126.00000000
-7122.00000000
-7118.00000000
-7114.00000000
-7110.00000000
-7106.00000000
-7102.00000000
-7098.00000000
-7094.00000000
-7090.00000000
-7086.00000000
-7082.00000000
-7078.00000000
-7074.00000000
-7070.00000000
-7066.00000000
-7062.00000000
-7058.00000000
-7054.00000000
-7050.00000000
-7046.00000000
-7042.00000000
-7038.00000000
-7034.00000000
-7030.00000000
-7026.00000000
-7022.00000000
-7018.00000000
-7014.00000000
-7010.00000000
-7006.00000000
-7002.00000000
-6998.00000000
-6994.00000000
-6990.00000000
-6986.00000000
-6982.00000000
-6978.00000000
-6974.00000000
-6970.00000000
-6966.00000000
-6962.00000000
-6958.00000000
-6954.00000000
-6950.00000000
-6946.00000000
-6942.00000000
-6938.00000000
-6934.00000000
-6930.00000000
-6926.00000000
-6922.00000000
-6918.00000000
-6914.00000000
-6910.00000000
-6906.00000000
-6902.00000000
-6898.00000000
-6894.00000000
-6890.00000000
-6886.00000000
-6882.00000000
-6878.00000000
-6874.00000000
-6870.00000000
-6866.00000000
-6862.00000000
-6858.00000000
-6854.00000000
-6850.00000000
-6846.00000000
-6842.00000000
-6838.00000000
-6834.00000000
-6830.00000000
-6826.00000000
-6822.00000000
-6818.00000000
-6814.00000000
-6810.00000000
-6806.00000000
-6802.00000000
-6798.00000000
-6794.00000000
-6790.00000000
-6786.00000000
-6782.00000000
-6778.00000000
-6774.00000000
-6770.00000000
-6766.00000000
-6762.00000000
-6758.00000000
-6754.00000000
-6750.00000000
-6746.00000000
-6742.00000000
-6738.00000000
-6734.00000000
-6730.00000000
-6726.00000000
-6722.00000000
-6718.00000000
-6714.00000000
-6710.00000000
-6706.00000000
-6702.00000000
-6698.00000000
-6694.00000000
-6690.00000000
-6686.00000000
-6682.00000000
-6678.00000000
-6674.00000000
-6670.00000000
-6666.00000000
-6662.00000000
-6658.00000000
-6654.00000000
-6650.00000000
-6646.00000000
-6642.00000000
-6638.00000000
-6634.00000000
-6630.00000000
-6626.00000000
-6622.00000000
-6618.00000000
-6614.00000000
-6610.00000000
-6606.00000000
-6602.00000000
-6598.00000000
-6594.00000000
-6590.00000000
-6586.00000000
-6582.00000000
-6578.00000000
-6574.00000000
-6570.00000000
-6566.00000000
-6562.00000000
-6558.00000000
-6554.00000000
-6550.00000000
-6546.00000000
-6542.00000000
-6538.00000000
-6534.00000000
-6530.00000000
-6526.00000000
-6522.00000000
-6518.00000000
-6514.00000000
-6510.00000000
-6506.00000000
-6502.00000000
-6498.00000000
-6494.00000000
-6490.00000000
-6486.00000000
-6482.00000000
-6478.00000000
-6474.00000000
-6470.00000000
-6466.00000000
-6462.00000000
-6458.00000000
-6454.00000000
-6450.00000000
-6446.00000000
-6442.00000000
-6438.00000000
-6434.00000000
-6430.00000000
-6426.00000000
-6422.00000000
-6418.00000000
-6414.00000000
-6410.00000000
-6406.00000000
-6402.00000000
-6398.00000000
-6394.00000000
-6390.00000000
-6386.00000000
-6382.00000000
-6378.00000000
-6374.00000000
-6370.00000000
-6366.00000000
-6362.00000000
-6358.00000000
-6354.00000000
-6350.00000000
-6346.00000000
-6342.00000000
-6338.00000000
-6334.00000000
-6330.00000000
-6326.00000000
-6322.00000000
-6318.00000000
-6314.00000000
-6310.00000000
-6306.00000000
-6302.00000000
-6298.00000000
-6294.00000000
-6290.00000000
-6286.00000000
-6282.00000000
-6278.00000000
-6274.00000000
-6270.00000000
-6266.00000000
-6262.00000000
-6258.00000000
-6254.00000000
-6250.00000000
-6246.00000000
-6242.00000000
-6238.00000000
-6234.00000000
-6230.00000000
-6226.00000000
-6222.00000000
-6218.00000000
-6214.00000000
-6210.00000000
-6206.00000000
-6202.00000000
-6198.00000000
-6194.00000000
-6190.00000000
-6186.00000000
-6182.00000000
-6178.00000000
-6174.00000000
-6170.00000000
-6166.00000000
-6162.00000000
-6158.00000000
-6154.00000000
-6150.00000000
-6146.00000000
-6142.00000000
-6138.00000000
-6134.00000000
-6130.00000000
-6126.00000000
-6122.00000000
-6118.00000000
-6114.00000000
-6110.00000000
-6106.00000000
-6102.00000000
-6098.00000000
-6094.00000000
-6090.00000000
-6086.00000000
-6082.00000000
-6078.00000000
-6074.00000000
-6070.00000000
-6066.00000000
-6062.00000000
-6058.00000000
-6054.00000000
-6050.00000000
-6046.00000000
-6042.00000000
-6038.00000000
-6034.00000000
-6030.00000000
-6026.00000000
-6022.00000000
-6018.00000000
-6014.00000000
-6010.00000000
-6006.00000000
-6002.00000000
-5998.00000000
-5994.00000000
-5990.00000000
-5986.00000000
-5982.00000000
-5978.00000000
-5974.00000000
-5970.00000000
-5966.00000000
-5962.00000000
-5958.00000000
-5954.00000000
-5950.00000000
-5946.00000000
-5942.00000000
-5938.00000000
-5934.00000000
-5930.00000000
-5926.00000000
-5922.00000000
-5918.00000000
-5914.00000000
-5910.00000000
-5906.00000000
-5902.00000000
-5898.00000000
-5894.00000000
-5890.00000000
-5886.00000000
-5882.00000000
-5878.00000000
-5874.00000000
-5870.00000000
-5866.00000000
-5862.00000000
-5858.00000000
-5854.00000000
-5850.00000000
-5846.00000000
-5842.00000000
-5838.00000000
-5834.00000000
-5830.00000000
-5826.00000000
-5822.00000000
-5818.00000000
-5814.00000000
-5810.00000000
-5806.00000000
-5802.00000000
-5798.00000000
-5794.00000000
-5790.00000000
-5786.00000000
-5782.00000000
-5778.00000000
-5774.00000000
-5770.00000000
-5766.00000000
-5762.00000000
-5758.00000000
-5754.00000000
-5750.00000000
-5746.00000000
-5742.00000000
-5738.00000000
-5734.00000000
-5730.00000000
-5726.00000000
-5722.00000000
-5718.00000000
-5714.00000000
-5710.00000000
-5706.00000000
-5702.00000000
-5698.00000000
-5694.00000000
-5690.00000000
-5686.00000000
-5682.00000000
-5678.00000000
-5674.00000000
-5670.00000000
-5666.00000000
-5662.00000000
-5658.00000000
-5654.00000000
-5650.00000000
-5646.00000000
-5642.00000000
-5638.00000000
-5634.00000000
-5630.00000000
-5626.00000000
-5622.00000000
-5618.00000000
-5614.00000000
-5610.00000000
-5606.00000000
-5602.00000000
-5598.00000000
-5594.00000000
-5590.00000000
-5586.00000000
-5582.00000000
-5578.00000000
-5574.00000000
-5570.00000000
-5566.00000000
-5562.00000000
-5558.00000000
-5554.00000000
-5550.00000000
-5546.00000000
-5542.00000000
-5538.00000000
-5534.00000000
-5530.00000000
-5526.00000000
-5522.00000000
-5518.00000000
-5514.00000000
-5510.00000000
-5506.00000000
-5502.00000000
-5498.00000000
-5494.00000000
-5490.00000000
-5486.00000000
-5482.00000000
-5478.00000000
-5474.00000000
-5470.00000000
-5466.00000000
-5462.00000000
-5458.00000000
-5454.00000000
-5450.00000000
-5446.00000000
-5442.00000000
-5438.00000000
-5434.00000000
-5430.00000000
-5426.00000000
-5422.00000000
-5418.00000000
-5414.00000000
-5410.00000000
-5406.00000000
-5402.00000000
-5398.00000000
-5394.00000000
-5390.00000000
-5386.00000000
-5382.00000000
-5378.00000000
-5374.00000000
-5370.00000000
-5366.00000000
-5362.00000000
-5358.00000000
-5354.00000000
-5350.00000000
-5346.00000000
-5342.00000000
-5338.00000000
-5334.00000000
-5330.00000000
-5326.00000000
-5322.00000000
-5318.00000000
-5314.00000000
-5310.00000000
-5306.00000000
-5302.00000000
-5298.00000000
-5294.00000000
-5290.00000000
-5286.00000000
-5282.00000000
-5278.00000000
-5274.00000000
-5270.00000000
-5266.00000000
-5262.00000000
-5258.00000000
-5254.00000000
-5250.00000000
-5246.00000000
-5242.00000000
-5238.00000000
-5234.00000000
-5230.00000000
-5226.00000000
-5222.00000000
-5218.00000000
-5214.00000000
-5210.00000000
-5206.00000000
-5202.00000000
-5198.00000000
-5194.00000000
-5190.00000000
-5186.00000000
-5182.00000000
-5178.00000000
-5174.00000000
-5170.00000000
-5166.00000000
-5162.00000000
-5158.00000000
-5154.00000000
-5150.00000000
-5146.00000000
-5142.00000000
-5138.00000000
-5134.00000000
-5130.00000000
-5126.00000000
-5122.00000000
-5118.00000000
-5114.00000000
-5110.00000000
-5106.00000000
-5102.00000000
-5098.00000000
-5094.00000000
-5090.00000000
-5086.00000000
-5082.00000000
-5078.00000000
-5074.00000000
-5070.00000000
-5066.00000000
-5062.00000000
-5058.00000000
-5054.00000000
-5050.00000000
-5046.00000000
-5042.00000000
-5038.00000000
-5034.00000000
-5030.00000000
-5026.00000000
-5022.00000000
-5018.00000000
-5014.00000000
-5010.00000000
-5006.00000000
-5002.00000000
-4998.00000000
-4994.00000000
-4990.00000000
-4986.00000000
-4982.00000000
-4978.00000000
-4974.00000000
-4970.00000000
-4966.00000000
-4962.00000000
-4958.00000000
-4954.00000000
-4950.00000000
-4946.00000000
-4942.00000000
-4938.00000000
-4934.00000000
-4930.00000000
-4926.00000000
-4922.00000000
-4918.00000000
-4914.00000000
-4910.00000000
-4906.00000000
-4902.00000000
-4898.00000000
-4894.00000000
-4890.00000000
-4886.00000000
-4882.00000000
-4878.00000000
-4874.00000000
-4870.00000000
-4866.00000000
-4862.00000000
-4858.00000000
-4854.00000000
-4850.00000000
-4846.00000000
-4842.00000000
-4838.00000000
-4834.00000000
-4830.00000000
-4826.00000000
-4822.00000000
-4818.00000000
-4814.00000000
-4810.00000000
-4806.00000000
-4802.00000000
-4798.00000000
-4794.00000000
-4790.00000000
-4786.00000000
-4782.00000000
-4778.00000000
-4774.00000000
-4770.00000000
-4766.00000000
-4762.00000000
-4758.00000000
-4754.00000000
-4750.00000000
-4746.00000000
-4742.00000000
-4738.00000000
-4734.00000000
-4730.00000000
-4726.00000000
-4722.00000000
-4718.00000000
-4714.00000000
-4710.00000000
-4706.00000000
-4702.00000000
-4698.00000000
-4694.00000000
-4690.00000000
-4686.00000000
-4682.00000000
-4678.00000000
-4674.00000000
-4670.00000000
-4666.00000000
-4662.00000000
-4658.00000000
-4654.00000000
-4650.00000000
-4646.00000000
-4642.00000000
-4638.00000000
-4634.00000000
-4630.00000000
-4626.00000000
-4622.00000000
-4618.00000000
-4614.00000000
-4610.00000000
-4606.00000000
-4602.00000000
-4598.00000000
-4594.00000000
-4590.00000000
-4586.00000000
-4582.00000000
-4578.00000000
-4574.00000000
-4570.00000000
-4566.00000000
-4562.00000000
-4558.00000000
-4554.00000000
-4550.00000000
-4546.00000000
-4542.00000000
-4538.00000000
-4534.00000000
-4530.00000000
-4526.00000000
-4522.00000000
-4518.00000000
-4514.00000000
-4510.00000000
-4506.00000000
-4502.00000000
-4498.00000000
-4494.00000000
-4490.00000000
-4486.00000000
-4482.00000000
-4478.00000000
-4474.00000000
-4470.00000000
-4466.00000000
-4462.00000000
-4458.00000000
-4454.00000000
-4450.00000000
-4446.00000000
-4442.00000000
-4438.00000000
-4434.00000000
-4430.00000000
-4426.00000000
-4422.00000000
-4418.00000000
-4414.00000000
-4410.00000000
-4406.00000000
-4402.00000000
-4398.00000000
-4394.00000000
-4390.00000000
-4386.00000000
-4382.00000000
-4378.00000000
-4374.00000000
-4370.00000000
-4366.00000000
-4362.00000000
-4358.00000000
-4354.00000000
-4350.00000000
-4346.00000000
-4342.00000000
-4338.00000000
-4334.00000000
-4330.00000000
-4326.00000000
-4322.00000000
-4318.00000000
-4314.00000000
-4310.00000000
-4306.00000000
-4302.00000000
-4298.00000000
-4294.00000000
-4290.00000000
-4286.00000000
-4282.00000000
-4278.00000000
-4274.00000000
-4270.00000000
-4266.00000000
-4262.00000000
-4258.00000000
-4254.00000000
-4250.00000000
-4246.00000000
-4242.00000000
-4238.00000000
-4234.00000000
-4230.00000000
-4226.00000000
-4222.00000000
-4218.00000000
-4214.00000000
-4210.00000000
-4206.00000000
-4202.00000000
-4198.00000000
-4194.00000000
-4190.00000000
-4186.00000000
-4182.00000000
-4178.00000000
-4174.00000000
-4170.00000000
-4166.00000000
-4162.00000000
-4158.00000000
-4154.00000000
-4150.00000000
-4146.00000000
-4142.00000000
-4138.00000000
-4134.00000000
-4130.00000000
-4126.00000000
-4122.00000000
-4118.00000000
-4114.00000000
-4110.00000000
-4106.00000000
-4102.00000000
-4098.00000000
-4094.00000000
-4090.00000000
-4086.00000000
-4082.00000000
-4078.00000000
-4074.00000000
-4070.00000000
-4066.00000000
-4062.00000000
-4058.00000000
-4054.00000000
-4050.00000000
-4046.00000000
-4042.00000000
-4038.00000000
-4034.00000000
-4030.00000000
-4026.00000000
-4022.00000000
-4018.00000000
-4014.00000000
-4010.00000000
-4006.00000000
-4002.00000000
-3998.00000000
-3994.00000000
-3990.00000000
-3986.00000000
-3982.00000000
-3978.00000000
-3974.00000000
-3970.00000000
-3966.00000000
-3962.00000000
-3958.00000000
-3954.00000000
-3950.00000000
-3946.00000000
-3942.00000000
-3938.00000000
-3934.00000000
-3930.00000000
-3926.00000000
-3922.00000000
-3918.00000000
-3914.00000000
-3910.00000000
-3906.00000000
-3902.00000000
-3898.00000000
-3894.00000000
-3890.00000000
-3886.00000000
-3882.00000000
-3878.00000000
-3874.00000000
-3870.00000000
-3866.00000000
-3862.00000000
-3858.00000000
-3854.00000000
-3850.00000000
-3846.00000000
-3842.00000000
-3838.00000000
-3834.00000000
-3830.00000000
-3826.00000000
-3822.00000000
-3818.00000000
-3814.00000000
-3810.00000000
-3806.00000000
-3802.00000000
-3798.00000000
-3794.00000000
-3790.00000000
-3786.00000000
-3782.00000000
-3778.00000000
-3774.00000000
-3770.00000000
-3766.00000000
-3762.00000000
-3758.00000000
-3754.00000000
-3750.00000000
-3746.00000000
-3742.00000000
-3738.00000000
-3734.00000000
-3730.00000000
-3726.00000000
-3722.00000000
-3718.00000000
-3714.00000000
-3710.00000000
-3706.00000000
-3702.00000000
-3698.00000000
-3694.00000000
-3690.00000000
-3686.00000000
-3682.00000000
-3678.00000000
-3674.00000000
-3670.00000000
-3666.00000000
-3662.00000000
-3658.00000000
-3654.00000000
-3650.00000000
-3646.00000000
-3642.00000000
-3638.00000000
-3634.00000000
-3630.00000000
-3626.00000000
-3622.00000000
-3618.00000000
-3614.00000000
-3610.00000000
-3606.00000000
-3602.00000000
-3598.00000000
-3594.00000000
-3590.00000000
-3586.00000000
-3582.00000000
-3578.00000000
-3574.00000000
-3570.00000000
-3566.00000000
-3562.00000000
-3558.00000000
-3554.00000000
-3550.00000000
-3546.00000000
-3542.00000000
-3538.00000000
-3534.00000000
-3530.00000000
-3526.00000000
-3522.00000000
-3518.00000000
-3514.00000000
-3510.00000000
-3506.00000000
-3502.00000000
-3498.00000000
-3494.00000000
-3490.00000000
-3486.00000000
-3482.00000000
-3478.00000000
-3474.00000000
-3470.00000000
-3466.00000000
-3462.00000000
-3458.00000000
-3454.00000000
-3450.00000000
-3446.00000000
-3442.00000000
-3438.00000000
-3434.00000000
-3430.00000000
-3426.00000000
-3422.00000000
-3418.00000000
-3414.00000000
-3410.00000000
-3406.00000000
-3402.00000000
-3398.00000000
-3394.00000000
-3390.00000000
-3386.00000000
-3382.00000000
-3378.00000000
-3374.00000000
-3370.00000000
-3366.00000000
-3362.00000000
-3358.00000000
-3354.00000000
-3350.00000000
-3346.00000000
-3342.00000000
-3338.00000000
-3334.00000000
-3330.00000000
-3326.00000000
-3322.00000000
-3318.00000000
-3314.00000000
-3310.00000000
-3306.00000000
-3302.00000000
-3298.00000000
-3294.00000000
-3290.00000000
-3286.00000000
-3282.00000000
-3278.00000000
-3274.00000000
-3270.00000000
-3266.00000000
-3262.00000000
-3258.00000000
-3254.00000000
-3250.00000000
-3246.00000000
-3242.00000000
-3238.00000000
-3234.00000000
-3230.00000000
-3226.00000000
-3222.00000000
-3218.00000000
-3214.00000000
-3210.00000000
-3206.00000000
-3202.00000000
-3198.00000000
-3194.00000000
-3190.00000000
-3186.00000000
-3182.00000000
-3178.00000000
-3174.00000000
-3170.00000000
-3166.00000000
-3162.00000000
-3158.00000000
-3154.00000000
-3150.00000000
-3146.00000000
-3142.00000000
-3138.00000000
-3134.00000000
-3130.00000000
-3126.00000000
-3122.00000000
-3118.00000000
-3114.00000000
-3110.00000000
-3106.00000000
-3102.00000000
-3098.00000000
-3094.00000000
-3090.00000000
-3086.00000000
-3082.00000000
-3078.00000000
-3074.00000000
-3070.00000000
-3066.00000000
-3062.00000000
-3058.00000000
-3054.00000000
-3050.00000000
-3046.00000000
-3042.00000000
-3038.00000000
-3034.00000000
-3030.00000000
-3026.00000000
-3022.00000000
-3018.00000000
-3014.00000000
-3010.00000000
-3006.00000000
-3002.00000000
-2998.00000000
-2994.00000000
-2990.00000000
-2986.00000000
-2982.00000000
-2978.00000000
-2974.00000000
-2970.00000000
-2966.00000000
-2962.00000000
-2958.00000000
-2954.00000000
-2950.00000000
-2946.00000000
-2942.00000000
-2938.00000000
-2934.00000000
-2930.00000000
-2926.00000000
-2922.00000000
-2918.00000000
-2914.00000000
-2910.00000000
-2906.00000000
-2902.00000000
-2898.00000000
-2894.00000000
-2890.00000000
-2886.00000000
-2882.00000000
-2878.00000000
-2874.00000000
-2870.00000000
-2866.00000000
-2862.00000000
-2858.00000000
-2854.00000000
-2850.00000000
-2846.00000000
-2842.00000000
-2838.00000000
-2834.00000000
-2830.00000000
-2826.00000000
-2822.00000000
-2818.00000000
-2814.00000000
-2810.00000000
-2806.00000000
-2802.00000000
-2798.00000000
-2794.00000000
-2790.00000000
-2786.00000000
-2782.00000000
-2778.00000000
-2774.00000000
-2770.00000000
-2766.00000000
-2762.00000000
-2758.00000000
-2754.00000000
-2750.00000000
-2746.00000000
-2742.00000000
-2738.00000000
-2734.00000000
-2730.00000000
-2726.00000000
-2722.00000000
-2718.00000000
-2714.00000000
-2710.00000000
-2706.00000000
-2702.00000000
-2698.00000000
-2694.00000000
-2690.00000000
-2686.00000000
-2682.00000000
-2678.00000000
-2674.00000000
-2670.00000000
-2666.00000000
-2662.00000000
-2658.00000000
-2654.00000000
-2650.00000000
-2646.00000000
-2642.00000000
-2638.00000000
-2634.00000000
-2630.00000000
-2626.00000000
-2622.00000000
-2618.00000000
-2614.00000000
-2610.00000000
-2606.00000000
-2602.00000000
-2598.00000000
-2594.00000000
-2590.00000000
-2586.00000000
-2582.00000000
-2578.00000000
-2574.00000000
-2570.00000000
-2566.00000000
-2562.00000000
-2558.00000000
-2554.00000000
-2550.00000000
-2546.00000000
-2542.00000000
-2538.00000000
-2534.00000000
-2530.00000000
-2526.00000000
-2522.00000000
-2518.00000000
-2514.00000000
-2510.00000000
-2506.00000000
-2502.00000000
-2498.00000000
-2494.00000000
-2490.00000000
-2486.00000000
-2482.00000000
-2478.00000000
-2474.00000000
-2470.00000000
-2466.00000000
-2462.00000000
-2458.00000000
-2454.00000000
-2450.00000000
-2446.00000000
-2442.00000000
-2438.00000000
-2434.00000000
-2430.00000000
-2426.00000000
-2422.00000000
-2418.00000000
-2414.00000000
-2410.00000000
-2406.00000000
-2402.00000000
-2398.00000000
-2394.00000000
-2390.00000000
-2386.00000000
-2382.00000000
-2378.00000000
-2374.00000000
-2370.00000000
-2366.00000000
-2362.00000000
-2358.00000000
-2354.00000000
-2350.00000000
-2346.00000000
-2342.00000000
-2338.00000000
-2334.00000000
-2330.00000000
-2326.00000000
-2322.00000000
-2318.00000000
-2314.00000000
-2310.00000000
-2306.00000000
-2302.00000000
-2298.00000000
-2294.00000000
-2290.00000000
-2286.00000000
-2282.00000000
-2278.00000000
-2274.00000000
-2270.00000000
-2266.00000000
-2262.00000000
-2258.00000000
-2254.00000000
-2250.00000000
-2246.00000000
-2242.00000000
-2238.00000000
-2234.00000000
-2230.00000000
-2226.00000000
-2222.00000000
-2218.00000000
-2214.00000000
-2210.00000000
-2206.00000000
-2202.00000000
-2198.00000000
-2194.00000000
-2190.00000000
-2186.00000000
-2182.00000000
-2178.00000000
-2174.00000000
-2170.00000000
-2166.00000000
-2162.00000000
-2158.00000000
-2154.00000000
-2150.00000000
-2146.00000000
-2142.00000000
-2138.00000000
-2134.00000000
-2130.00000000
-2126.00000000
-2122.00000000
-2118.00000000
-2114.00000000
-2110.00000000
-2106.00000000
-2102.00000000
-2098.00000000
-2094.00000000
-2090.00000000
-2086.00000000
-2082.00000000
-2078.00000000
-2074.00000000
-2070.00000000
-2066.00000000
-2062.00000000
-2058.00000000
-2054.00000000
-2050.00000000
-2046.00000000
-2042.00000000
-2038.00000000
-2034.00000000
-2030.00000000
-2026.00000000
-2022.00000000
-2018.00000000
-2014.00000000
-2010.00000000
-2006.00000000
-2002.00000000
-1998.00000000
-1994.00000000
-1990.00000000
-1986.00000000
-1982.00000000
-1978.00000000
-1974.00000000
-1970.00000000
-1966.00000000
-1962.00000000
-1958.00000000
-1954.00000000
-1950.00000000
-1946.00000000
-1942.00000000
-1938.00000000
-1934.00000000
-1930.00000000
-1926.00000000
-1922.00000000
-1918.00000000
-1914.00000000
-1910.00000000
-1906.00000000
-1902.00000000
-1898.00000000
-1894.00000000
-1890.00000000
-1886.00000000
-1882.00000000
-1878.00000000
-1874.00000000
-1870.00000000
-1866.00000000
-1862.00000000
-1858.00000000
-1854.00000000
-1850.00000000
-1846.00000000
-1842.00000000
-1838.00000000
-1834.00000000
-1830.00000000
-1826.00000000
-1822.00000000
-1818.00000000
-1814.00000000
-1810.00000000
-1806.00000000
-1802.00000000
-1798.00000000
-1794.00000000
-1790.00000000
-1786.00000000
-1782.00000000
-1778.00000000
-1774.00000000
-1770.00000000
-1766.00000000
-1762.00000000
-1758.00000000
-1754.00000000
-1750.00000000
-1746.00000000
-1742.00000000
-1738.00000000
-1734.00000000
-1730.00000000
-1726.00000000
-1722.00000000
-1718.00000000
-1714.00000000
-1710.00000000
-1706.00000000
-1702.00000000
-1698.00000000
-1694.00000000
-1690.00000000
-1686.00000000
-1682.00000000
-1678.00000000
-1674.00000000
-1670.00000000
-1666.00000000
-1662.00000000
-1658.00000000
-1654.00000000
-1650.00000000
-1646.00000000
-1642.00000000
-1638.00000000
-1634.00000000
-1630.00000000
-1626.00000000
-1622.00000000
-1618.00000000
-1614.00000000
-1610.00000000
-1606.00000000
-1602.00000000
-1598.00000000
-1594.00000000
-1590.00000000
-1586.00000000
-1582.00000000
-1578.00000000
-1574.00000000
-1570.00000000
-1566.00000000
-1562.00000000
-1558.00000000
-1554.00000000
-1550.00000000
-1546.00000000
-1542.00000000
-1538.00000000
-1534.00000000
-1530.00000000
-1526.00000000
-1522.00000000
-1518.00000000
-1514.00000000
-1510.00000000
-1506.00000000
-1502.00000000
-1498.00000000
-1494.00000000
-1490.00000000
-1486.00000000
-1482.00000000
-1478.00000000
-1474.00000000
-1470.00000000
-1466.00000000
-1462.00000000
-1458.00000000
-1454.00000000
-1450.00000000
-1446.00000000
-1442.00000000
-1438.00000000
-1434.00000000
-1430.00000000
-1426.00000000
-1422.00000000
-1418.00000000
-1414.00000000
-1410.00000000
-1406.00000000
-1402.00000000
-1398.00000000
-1394.00000000
-1390.00000000
-1386.00000000
-1382.00000000
-1378.00000000
-1374.00000000
-1370.00000000
-1366.00000000
-1362.00000000
-1358.00000000
-1354.00000000
-1350.00000000
-1346.00000000
-1342.00000000
-1338.00000000
-1334.00000000
-1330.00000000
-1326.00000000
-1322.00000000
-1318.00000000
-1314.00000000
-1310.00000000
-1306.00000000
-1302.00000000
-1298.00000000
-1294.00000000
-1290.00000000
-1286.00000000
-1282.00000000
-1278.00000000
-1274.00000000
-1270.00000000
-1266.00000000
-1262.00000000
-1258.00000000
-1254.00000000
-1250.00000000
-1246.00000000
-1242.00000000
-1238.00000000
-1234.00000000
-1230.00000000
-1226.00000000
-1222.00000000
-1218.00000000
-1214.00000000
-1210.00000000
-1206.00000000
-1202.00000000
-1198.00000000
-1194.00000000
-1190.00000000
-1186.00000000
-1182.00000000
-1178.00000000
-1174.00000000
-1170.00000000
-1166.00000000
-1162.00000000
-1158.00000000
-1154.00000000
-1150.00000000
-1146.00000000
-1142.00000000
-1138.00000000
-1134.00000000
-1130.00000000
-1126.00000000
-1122.00000000
-1118.00000000
-1114.00000000
-1110.00000000
-1106.00000000
-1102.00000000
-1098.00000000
-1094.00000000
-1090.00000000
-1086.00000000
-1082.00000000
-1078.00000000
-1074.00000000
-1070.00000000
-1066.00000000
-1062.00000000
-1058.00000000
-1054.00000000
-1050.00000000
-1046.00000000
-1042.00000000
-1038.00000000
-1034.00000000
-1030.00000000
-1026.00000000
-1022.00000000
-1018.00000000
-1014.00000000
-1010.00000000
-1006.00000000
-1002.00000000
-998.00000000
-994.00000000
-990.00000000
-986.00000000
-982.00000000
-978.00000000
-974.00000000
-970.00000000
-966.00000000
-962.00000000
-958.00000000
-954.00000000
-950.00000000
-946.00000000
-942.00000000
-938.00000000
-934.00000000
-930.00000000
-926.00000000
-922.00000000
-918.00000000
-914.00000000
-910.00000000
-906.00000000
-902.00000000
-898.00000000
-894.00000000
-890.00000000
-886.00000000
-882.00000000
-878.00000000
-874.00000000
-870.00000000
-866.00000000
-862.00000000
-858.00000000
-854.00000000
-850.00000000
-846.00000000
-842.00000000
-838.00000000
-834.00000000
-830.00000000
-826.00000000
-822.00000000
-818.00000000
-814.00000000
-810.00000000
-806.00000000
-802.00000000
-798.00000000
-794.00000000
-790.00000000
-786.00000000
-782.00000000
-778.00000000
-774.00000000
-770.00000000
-766.00000000
-762.00000000
-758.00000000
-754.00000000
-750.00000000
-746.00000000
-742.00000000
-738.00000000
-734.00000000
-730.00000000
-726.00000000
-722.00000000
-718.00000000
-714.00000000
-710.00000000
-706.00000000
-702.00000000
-698.00000000
-694.00000000
-690.00000000
-686.00000000
-682.00000000
-678.00000000
-674.00000000
-670.00000000
-666.00000000
-662.00000000
-658.00000000
-654.00000000
-650.00000000
-646.00000000
-642.00000000
-638.00000000
-634.00000000
-630.00000000
-626.00000000
-622.00000000
-618.00000000
-614.00000000
-610.00000000
-606.00000000
-602.00000000
-598.00000000
-594.00000000
-590.00000000
-586.00000000
-582.00000000
-578.00000000
-574.00000000
-570.00000000
-566.00000000
-562.00000000
-558.00000000
-554.00000000
-550.00000000
-546.00000000
-542.00000000
-538.00000000
-534.00000000
-530.00000000
-526.00000000
-522.00000000
-518.00000000
-514.00000000
-510.00000000
-506.00000000
-502.00000000
-498.00000000
-494.00000000
-490.00000000
-486.00000000
-482.00000000
-478.00000000
-474.00000000
-470.00000000
-466.00000000
-462.00000000
-458.00000000
-454.00000000
-450.00000000
-446.00000000
-442.00000000
-438.00000000
-434.00000000
-430.00000000
-426.00000000
-422.00000000
-418.00000000
-414.00000000
-410.00000000
-406.00000000
-402.00000000
-398.00000000
-394.00000000
-390.00000000
-386.00000000
-382.00000000
-378.00000000
-374.00000000
-370.00000000
-366.00000000
-362.00000000
-358.00000000
-354.00000000
-350.00000000
-346.00000000
-342.00000000
-338.00000000
-334.00000000
-330.00000000
-326.00000000
-322.00000000
-318.00000000
-314.00000000
-310.00000000
-306.00000000
-302.00000000
-298.00000000
-294.00000000
-290.00000000
-286.00000000
-282.00000000
-278.00000000
-274.00000000
-270.00000000
-266.00000000
-262.00000000
-258.00000000
-254.00000000
-250.00000000
-246.00000000
-242.00000000
-238.00000000
-234.00000000
-230.00000000
-226.00000000
-222.00000000
-218.00000000
-214.00000000
-210.00000000
-206.00000000
-202.00000000
-198.00000000
-194.00000000
-190.00000000
-186.00000000
-182.00000000
-178.00000000
-174.00000000
-170.00000000
-166.00000000
-162.00000000
-158.00000000
-154.00000000
-150.00000000
-146.00000000
-142.00000000
-138.00000000
-134.00000000
-130.00000000
-126.00000000
-122.00000000
-118.00000000
-114.00000000
-110.00000000
-106.00000000
-102.00000000
-98.00000000
-94.00000000
-90.00000000
-86.00000000
-82.00000000
-78.00000000
-74.00000000
-70.00000000
-66.00000000
-62.00000000
-58.00000000
-54.00000000
-50.00000000
-46.00000000
-42.00000000
-38.00000000
-34.00000000
-30.00000000
-26.00000000
-22.00000000
-18.00000000
-14.00000000
-10.00000000
 -6.00000000
 -2.00000000
  2.00000000
  6.00000000
 10.00000000
 14.00000000
 18.00000000
 22.00000000
 26.00000000
 30.00000000
 34.00000000
 38.00000000
 42.00000000
 46.00000000
 50.00000000
 54.00000000
 58.00000000
 62.00000000
 66.00000000
 70.00000000
 74.00000000
 78.00000000
 82.00000000
 86.00000000
 90.00000000
 94.00000000
 98.00000000
102.00000000
106.00000000
110.00000000
114.00000000
118.00000000
122.00000000
126.00000000
130.00000000
134.00000000
138.00000000
142.00000000
146.00000000
150.00000000
154.00000000
158.00000000
162.00000000
166.00000000
170.00000000
174.00000000
178.00000000
182.00000000
186.00000000
190.00000000
194.00000000
198.00000000
202.00000000
206.00000000
210.00000000
214.00000000
218.00000000
222.00000000
226.00000000
230.00000000
234.00000000
238.00000000
242.00000000
246.00000000
250.00000000
254.00000000
258.00000000
262.00000000
266.00000000
270.00000000
274.00000000
278.00000000
282.00000000
286.00000000
290.00000000
294.00000000
298.00000000
302.00000000
306.00000000
310.00000000
314.00000000
318.00000000
322.00000000
326.00000000
330.00000000
334.00000000
338.00000000
342.00000000
346.00000000
350.00000000
354.00000000
358.00000000
362.00000000
366.00000000
370.00000000
374.00000000
378.00000000
382.00000000
386.00000000
390.00000000
394.00000000
398.00000000
402.00000000
406.00000000
410.00000000
414.00000000
418.00000000
422.00000000
426.00000000
430.00000000
434.00000000
438.00000000
442.00000000
446.00000000
450.00000000
454.00000000
458.00000000
462.00000000
466.00000000
470.00000000
474.00000000
478.00000000
482.00000000
486.00000000
490.00000000
494.00000000
498.00000000
502.00000000
506.00000000
510.00000000
514.00000000
518.00000000
522.00000000
526.00000000
530.00000000
534.00000000
538.00000000
542.00000000
546.00000000
550.00000000
554.00000000
558.00000000
562.00000000
566.00000000
570.00000000
574.00000000
578.00000000
582.00000000
586.00000000
590.00000000
594.00000000
598.00000000
602.00000000
606.00000000
610.00000000
614.00000000
618.00000000
622.00000000
626.00000000
630.00000000
634.00000000
638.00000000
642.00000000
646.00000000
650.00000000
654.00000000
658.00000000
662.00000000
666.00000000
670.00000000
674.00000000
678.00000000
682.00000000
686.00000000
690.00000000
694.00000000
698.00000000
702.00000000
706.00000000
710.00000000
714.00000000
718.00000000
722.00000000
726.00000000
730.00000000
734.00000000
738.00000000
742.00000000
746.00000000
750.00000000
754.00000000
758.00000000
762.00000000
766.00000000
770.00000000
774.00000000
778.00000000
782.00000000
786.00000000
790.00000000
794.00000000
798.00000000
802.00000000
806.00000000
810.00000000
814.00000000
818.00000000
822.00000000
826.00000000
830.00000000
834.00000000
838.00000000
842.00000000
846.00000000
850.00000000
854.00000000
858.00000000
862.00000000
866.00000000
870.00000000
874.00000000
878.00000000
882.00000000
886.00000000
890.00000000
894.00000000
898.00000000
902.00000000
906.00000000
910.00000000
914.00000000
918.00000000
922.00000000
926.00000000
930.00000000
934.00000000
938.00000000
942.00000000
946.00000000
950.00000000
954.00000000
958.00000000
962.00000000
966.00000000
970.00000000
974.00000000
978.00000000
982.00000000
986.00000000
990.00000000
994.00000000
998.00000000
1002.00000000
1006.00000000
1010.00000000
1014.00000000
1018.00000000
1022.00000000
1026.00000000
1030.00000000
1034.00000000
1038.00000000
1042.00000000
1046.00000000
1050.00000000
1054.00000000
1058.00000000
1062.00000000
1066.00000000
1070.00000000
1074.00000000
1078.00000000
1082.00000000
1086.00000000
1090.00000000
1094.00000000
1098.00000000
1102.00000000
1106.00000000
1110.00000000
1114.00000000
1118.00000000
1122.00000000
1126.00000000
1130.00000000
1134.00000000
1138.00000000
1142.00000000
1146.00000000
1150.00000000
1154.00000000
1158.00000000
1162.00000000
1166.00000000
1170.00000000
1174.00000000
1178.00000000
1182.00000000
1186.00000000
1190.00000000
1194.00000000
1198.00000000
1202.00000000
1206.00000000
1210.00000000
1214.00000000
1218.00000000
1222.00000000
1226.00000000
1230.00000000
1234.00000000
1238.00000000
1242.00000000
1246.00000000
1250.00000000
1254.00000000
1258.00000000
1262.00000000
1266.00000000
1270.00000000
1274.00000000
1278.00000000
1282.00000000
1286.00000000
1290.00000000
1294.00000000
1298.00000000
1302.00000000
1306.00000000
1310.00000000
1314.00000000
1318.00000000
1322.00000000
1326.00000000
1330.00000000
1334.00000000
1338.00000000
1342.00000000
1346.00000000
1350.00000000
1354.00000000
1358.00000000
1362.00000000
1366.00000000
1370.00000000
1374.00000000
1378.00000000
1382.00000000
1386.00000000
1390.00000000
1394.00000000
1398.00000000
1402.00000000
1406.00000000
1410.00000000
1414.00000000
1418.00000000
1422.00000000
1426.00000000
1430.00000000
1434.00000000
1438.00000000
1442.00000000
1446.00000000
1450.00000000
1454.00000000
1458.00000000
1462.00000000
1466.00000000
1470.00000000
1474.00000000
1478.00000000
1482.00000000
1486.00000000
1490.00000000
1494.00000000
1498.00000000
1502.00000000
1506.00000000
1510.00000000
1514.00000000
1518.00000000
1522.00000000
1526.00000000
1530.00000000
1534.00000000
1538.00000000
1542.00000000
1546.00000000
1550.00000000
1554.00000000
1558.00000000
1562.00000000
1566.00000000
1570.00000000
1574.00000000
1578.00000000
1582.00000000
1586.00000000
1590.00000000
1594.00000000
1598.00000000
1602.00000000
1606.00000000
1610.00000000
1614.00000000
1618.00000000
1622.00000000
1626.00000000
1630.00000000
1634.00000000
1638.00000000
1642.00000000
1646.00000000
1650.00000000
1654.00000000
1658.00000000
1662.00000000
1666.00000000
1670.00000000
1674.00000000
1678.00000000
1682.00000000
1686.00000000
1690.00000000
1694.00000000
1698.00000000
1702.00000000
1706.00000000
1710.00000000
1714.00000000
1718.00000000
1722.00000000
1726.00000000
1730.00000000
1734.00000000
1738.00000000
1742.00000000
1746.00000000
1750.00000000
1754.00000000
1758.00000000
1762.00000000
1766.00000000
1770.00000000
1774.00000000
1778.00000000
1782.00000000
1786.00000000
1790.00000000
1794.00000000
1798.00000000
1802.00000000
1806.00000000
1810.00000000
1814.00000000
1818.00000000
1822.00000000
1826.00000000
1830.00000000
1834.00000000
1838.00000000
1842.00000000
1846.00000000
1850.00000000
1854.00000000
1858.00000000
1862.00000000
1866.00000000
1870.00000000
1874.00000000
1878.00000000
1882.00000000
1886.00000000
1890.00000000
1894.00000000
1898.00000000
1902.00000000
1906.00000000
1910.00000000
1914.00000000
1918.00000000
1922.00000000
1926.00000000
1930.00000000
1934.00000000
1938.00000000
1942.00000000
1946.00000000
1950.00000000
1954.00000000
1958.00000000
1962.00000000
1966.00000000
1970.00000000
1974.00000000
1978.00000000
1982.00000000
1986.00000000
1990.00000000
1994.00000000
1998.00000000
2002.00000000
2006.00000000
2010.00000000
2014.00000000
2018.00000000
2022.00000000
2026.00000000
2030.00000000
2034.00000000
2038.00000000
2042.00000000
2046.00000000
2050.00000000
2054.00000000
2058.00000000
2062.00000000
2066.00000000
2070.00000000
2074.00000000
2078.00000000
2082.00000000
2086.00000000
2090.00000000
2094.00000000
2098.00000000
2102.00000000
2106.00000000
2110.00000000
2114.00000000
2118.00000000
2122.00000000
2126.00000000
2130.00000000
2134.00000000
2138.00000000
2142.00000000
2146.00000000
2150.00000000
2154.00000000
2158.00000000
2162.00000000
2166.00000000
2170.00000000
2174.00000000
2178.00000000
2182.00000000
2186.00000000
2190.00000000
2194.00000000
2198.00000000
2202.00000000
2206.00000000
2210.00000000
2214.00000000
2218.00000000
2222.00000000
2226.00000000
2230.00000000
2234.00000000
2238.00000000
2242.00000000
2246.00000000
2250.00000000
2254.00000000
2258.00000000
2262.00000000
2266.00000000
2270.00000000
2274.00000000
2278.00000000
2282.00000000
2286.00000000
2290.00000000
2294.00000000
2298.00000000
2302.00000000
2306.00000000
2310.00000000
2314.00000000
2318.00000000
2322.00000000
2326.00000000
2330.00000000
2334.00000000
2338.00000000
2342.00000000
2346.00000000
2350.00000000
2354.00000000
2358.00000000
2362.00000000
2366.00000000
2370.00000000
2374.00000000
2378.00000000
2382.00000000
2386.00000000
2390.00000000
2394.00000000
2398.00000000
2402.00000000
2406.00000000
2410.00000000
2414.00000000
2418.00000000
2422.00000000
2426.00000000
2430.00000000
2434.00000000
2438.00000000
2442.00000000
2446.00000000
2450.00000000
2454.00000000
2458.00000000
2462.00000000
2466.00000000
2470.00000000
2474.00000000
2478.00000000
2482.00000000
2486.00000000
2490.00000000
2494.00000000
2498.00000000
2502.00000000
2506.00000000
2510.00000000
2514.00000000
2518.00000000
2522.00000000
2526.00000000
2530.00000000
2534.00000000
2538.00000000
2542.00000000
2546.00000000
2550.00000000
2554.00000000
2558.00000000
2562.00000000
2566.00000000
2570.00000000
2574.00000000
2578.00000000
2582.00000000
2586.00000000
2590.00000000
2594.00000000
2598.00000000
2602.00000000
2606.00000000
2610.00000000
2614.00000000
2618.00000000
2622.00000000
2626.00000000
2630.00000000
2634.00000000
2638.00000000
2642.00000000
2646.00000000
2650.00000000
2654.00000000
2658.00000000
2662.00000000
2666.00000000
2670.00000000
2674.00000000
2678.00000000
2682.00000000
2686.00000000
2690.00000000
2694.00000000
2698.00000000
2702.00000000
2706.00000000
2710.00000000
2714.00000000
2718.00000000
2722.00000000
2726.00000000
2730.00000000
2734.00000000
2738.00000000
2742.00000000
2746.00000000
2750.00000000
2754.00000000
2758.00000000
2762.00000000
2766.00000000
2770.00000000
2774.00000000
2778.00000000
2782.00000000
2786.00000000
2790.00000000
2794.00000000
2798.00000000
2802.00000000
2806.00000000
2810.00000000
2814.00000000
2818.00000000
2822.00000000
2826.00000000
2830.00000000
2834.00000000
2838.00000000
2842.00000000
2846.00000000
2850.00000000
2854.00000000
2858.00000000
2862.00000000
2866.00000000
2870.00000000
2874.00000000
2878.00000000
2882.00000000
2886.00000000
2890.00000000
2894.00000000
2898.00000000
2902.00000000
2906.00000000
2910.00000000
2914.00000000
2918.00000000
2922.00000000
2926.00000000
2930.00000000
2934.00000000
2938.00000000
2942.00000000
2946.00000000
2950.00000000
2954.00000000
2958.00000000
2962.00000000
2966.00000000
2970.00000000
2974.00000000
2978.00000000
2982.00000000
2986.00000000
2990.00000000
2994.00000000
2998.00000000
3002.00000000
3006.00000000
3010.00000000
3014.00000000
3018.00000000
3022.00000000
3026.00000000
3030.00000000
3034.00000000
3038.00000000
3042.00000000
3046.00000000
3050.00000000
3054.00000000
3058.00000000
3062.00000000
3066.00000000
3070.00000000
3074.00000000
3078.00000000
3082.00000000
3086.00000000
3090.00000000
3094.00000000
3098.00000000
3102.00000000
3106.00000000
3110.00000000
3114.00000000
3118.00000000
3122.00000000
3126.00000000
3130.00000000
3134.00000000
3138.00000000
3142.00000000
3146.00000000
3150.00000000
3154.00000000
3158.00000000
3162.00000000
3166.00000000
3170.00000000
3174.00000000
3178.00000000
3182.00000000
3186.00000000
3190.00000000
3194.00000000
3198.00000000
3202.00000000
3206.00000000
3210.00000000
3214.00000000
3218.00000000
3222.00000000
3226.00000000
3230.00000000
3234.00000000
3238.00000000
3242.00000000
3246.00000000
3250.00000000
3254.00000000
3258.00000000
3262.00000000
3266.00000000
3270.00000000
3274.00000000
3278.00000000
3282.00000000
3286.00000000
3290.00000000
3294.00000000
3298.00000000
3302.00000000
3306.00000000
3310.00000000
3314.00000000
3318.00000000
3322.00000000
3326.00000000
3330.00000000
3334.00000000
3338.00000000
3342.00000000
3346.00000000
3350.00000000
3354.00000000
3358.00000000
3362.00000000
3366.00000000
3370.00000000
3374.00000000
3378.00000000
3382.00000000
3386.00000000
3390.00000000
3394.00000000
3398.00000000
3402.00000000
3406.00000000
3410.00000000
3414.00000000
3418.00000000
3422.00000000
3426.00000000
3430.00000000
3434.00000000
3438.00000000
3442.00000000
3446.00000000
3450.00000000
3454.00000000
3458.00000000
3462.00000000
3466.00000000
3470.00000000
3474.00000000
3478.00000000
3482.00000000
3486.00000000
3490.00000000
3494.00000000
3498.00000000
3502.00000000
3506.00000000
3510.00000000
3514.00000000
3518.00000000
3522.00000000
3526.00000000
3530.00000000
3534.00000000
3538.00000000
3542.00000000
3546.00000000
3550.00000000
3554.00000000
3558.00000000
3562.00000000
3566.00000000
3570.00000000
3574.00000000
3578.00000000
3582.00000000
3586.00000000
3590.00000000
3594.00000000
3598.00000000
3602.00000000
3606.00000000
3610.00000000
3614.00000000
3618.00000000
3622.00000000
3626.00000000
3630.00000000
3634.00000000
3638.00000000
3642.00000000
3646.00000000
3650.00000000
3654.00000000
3658.00000000
3662.00000000
3666.00000000
3670.00000000
3674.00000000
3678.00000000
3682.00000000
3686.00000000
3690.00000000
3694.00000000
3698.00000000
3702.00000000
3706.00000000
3710.00000000
3714.00000000
3718.00000000
3722.00000000
3726.00000000
3730.00000000
3734.00000000
3738.00000000
3742.00000000
3746.00000000
3750.00000000
3754.00000000
3758.00000000
3762.00000000
3766.00000000
3770.00000000
3774.00000000
3778.00000000
3782.00000000
3786.00000000
3790.00000000
3794.00000000
3798.00000000
3802.00000000
3806.00000000
3810.00000000
3814.00000000
3818.00000000
3822.00000000
3826.00000000
3830.00000000
3834.00000000
3838.00000000
3842.00000000
3846.00000000
3850.00000000
3854.00000000
3858.00000000
3862.00000000
3866.00000000
3870.00000000
3874.00000000
3878.00000000
3882.00000000
3886.00000000
3890.00000000
3894.00000000
3898.00000000
3902.00000000
3906.00000000
3910.00000000
3914.00000000
3918.00000000
3922.00000000
3926.00000000
3930.00000000
3934.00000000
3938.00000000
3942.00000000
3946.00000000
3950.00000000
3954.00000000
3958.00000000
3962.00000000
3966.00000000
3970.00000000
3974.00000000
3978.00000000
3982.00000000
3986.00000000
3990.00000000
3994.00000000
3998.00000000
4002.00000000
4006.00000000
4010.00000000
4014.00000000
4018.00000000
4022.00000000
4026.00000000
4030.00000000
4034.00000000
4038.00000000
4042.00000000
4046.00000000
4050.00000000
4054.00000000
4058.00000000
4062.00000000
4066.00000000
4070.00000000
4074.00000000
4078.00000000
4082.00000000
4086.00000000
4090.00000000
4094.00000000
4098.00000000
4102.00000000
4106.00000000
4110.00000000
4114.00000000
4118.00000000
4122.00000000
4126.00000000
4130.00000000
4134.00000000
4138.00000000
4142.00000000
4146.00000000
4150.00000000
4154.00000000
4158.00000000
4162.00000000
4166.00000000
4170.00000000
4174.00000000
4178.00000000
4182.00000000
4186.00000000
4190.00000000
4194.00000000
4198.00000000
4202.00000000
4206.00000000
4210.00000000
4214.00000000
4218.00000000
4222.00000000
4226.00000000
4230.00000000
4234.00000000
4238.00000000
4242.00000000
4246.00000000
4250.00000000
4254.00000000
4258.00000000
4262.00000000
4266.00000000
4270.00000000
4274.00000000
4278.00000000
4282.00000000
4286.00000000
4290.00000000
4294.00000000
4298.00000000
4302.00000000
4306.00000000
4310.00000000
4314.00000000
4318.00000000
4322.00000000
4326.00000000
4330.00000000
4334.00000000
4338.00000000
4342.00000000
4346.00000000
4350.00000000
4354.00000000
4358.00000000
4362.00000000
4366.00000000
4370.00000000
4374.00000000
4378.00000000
4382.00000000
4386.00000000
4390.00000000
4394.00000000
4398.00000000
4402.00000000
4406.00000000
4410.00000000
4414.00000000
4418.00000000
4422.00000000
4426.00000000
4430.00000000
4434.00000000
4438.00000000
4442.00000000
4446.00000000
4450.00000000
4454.00000000
4458.00000000
4462.00000000
4466.00000000
4470.00000000
4474.00000000
4478.00000000
4482.00000000
4486.00000000
4490.00000000
4494.00000000
4498.00000000
4502.00000000
4506.00000000
4510.00000000
4514.00000000
4518.00000000
4522.00000000
4526.00000000
4530.00000000
4534.00000000
4538.00000000
4542.00000000
4546.00000000
4550.00000000
4554.00000000
4558.00000000
4562.00000000
4566.00000000
4570.00000000
4574.00000000
4578.00000000
4582.00000000
4586.00000000
4590.00000000
4594.00000000
4598.00000000
4602.00000000
4606.00000000
4610.00000000
4614.00000000
4618.00000000
4622.00000000
4626.00000000
4630.00000000
4634.00000000
4638.00000000
4642.00000000
4646.00000000
4650.00000000
4654.00000000
4658.00000000
4662.00000000
4666.00000000
4670.00000000
4674.00000000
4678.00000000
4682.00000000
4686.00000000
4690.00000000
4694.00000000
4698.00000000
4702.00000000
4706.00000000
4710.00000000
4714.00000000
4718.00000000
4722.00000000
4726.00000000
4730.00000000
4734.00000000
4738.00000000
4742.00000000
4746.00000000
4750.00000000
4754.00000000
4758.00000000
4762.00000000
4766.00000000
4770.00000000
4774.00000000
4778.00000000
4782.00000000
4786.00000000
4790.00000000
4794.00000000
4798.00000000
4802.00000000
4806.00000000
4810.00000000
4814.00000000
4818.00000000
4822.00000000
4826.00000000
4830.00000000
4834.00000000
4838.00000000
4842.00000000
4846.00000000
4850.00000000
4854.00000000
4858.00000000
4862.00000000
4866.00000000
4870.00000000
4874.00000000
4878.00000000
4882.00000000
4886.00000000
4890.00000000
4894.00000000
4898.00000000
4902.00000000
4906.00000000
4910.00000000
4914.00000000
4918.00000000
4922.00000000
4926.00000000
4930.00000000
4934.00000000
4938.00000000
4942.00000000
4946.00000000
4950.00000000
4954.00000000
4958.00000000
4962.00000000
4966.00000000
4970.00000000
4974.00000000
4978.00000000
4982.00000000
4986.00000000
4990.00000000
4994.00000000
4998.00000000
5002.00000000
5006.00000000
5010.00000000
5014.00000000
5018.00000000
5022.00000000
5026.00000000
5030.00000000
5034.00000000
5038.00000000
5042.00000000
5046.00000000
5050.00000000
5054.00000000
5058.00000000
5062.00000000
5066.00000000
5070.00000000
5074.00000000
5078.00000000
5082.00000000
5086.00000000
5090.00000000
5094.00000000
5098.00000000
5102.00000000
5106.00000000
5110.00000000
5114.00000000
5118.00000000
5122.00000000
5126.00000000
5130.00000000
5134.00000000
5138.00000000
5142.00000000
5146.00000000
5150.00000000
5154.00000000
5158.00000000
5162.00000000
5166.00000000
5170.00000000
5174.00000000
5178.00000000
5182.00000000
5186.00000000
5190.00000000
5194.00000000
5198.00000000
5202.00000000
5206.00000000
5210.00000000
5214.00000000
5218.00000000
5222.00000000
5226.00000000
5230.00000000
5234.00000000
5238.00000000
5242.00000000
5246.00000000
5250.00000000
5254.00000000
5258.00000000
5262.00000000
5266.00000000
5270.00000000
5274.00000000
5278.00000000
5282.00000000
5286.00000000
5290.00000000
5294.00000000
5298.00000000
5302.00000000
5306.00000000
5310.00000000
5314.00000000
5318.00000000
5322.00000000
5326.00000000
5330.00000000
5334.00000000
5338.00000000
5342.00000000
5346.00000000
5350.00000000
5354.00000000
5358.00000000
5362.00000000
5366.00000000
5370.00000000
5374.00000000
5378.00000000
5382.00000000
5386.00000000
5390.00000000
5394.00000000
5398.00000000
5402.00000000
5406.00000000
5410.00000000
5414.00000000
5418.00000000
5422.00000000
5426.00000000
5430.00000000
5434.00000000
5438.00000000
5442.00000000
5446.00000000
5450.00000000
5454.00000000
5458.00000000
5462.00000000
5466.00000000
5470.00000000
5474.00000000
5478.00000000
5482.00000000
5486.00000000
5490.00000000
5494.00000000
5498.00000000
5502.00000000
5506.00000000
5510.00000000
5514.00000000
5518.00000000
5522.00000000
5526.00000000
5530.00000000
5534.00000000
5538.00000000
5542.00000000
5546.00000000
5550.00000000
5554.00000000
5558.00000000
5562.00000000
5566.00000000
5570.00000000
5574.00000000
5578.00000000
5582.00000000
5586.00000000
5590.00000000
5594.00000000
5598.00000000
5602.00000000
5606.00000000
5610.00000000
5614.00000000
5618.00000000
5622.00000000
5626.00000000
5630.00000000
5634.00000000
5638.00000000
5642.00000000
5646.00000000
5650.00000000
5654.00000000
5658.00000000
5662.00000000
5666.00000000
5670.00000000
5674.00000000
5678.00000000
5682.00000000
5686.00000000
5690.00000000
5694.00000000
5698.00000000
5702.00000000
5706.00000000
5710.00000000
5714.00000000
5718.00000000
5722.00000000
5726.00000000
5730.00000000
5734.00000000
5738.00000000
5742.00000000
5746.00000000
5750.00000000
5754.00000000
5758.00000000
5762.00000000
5766.00000000
5770.00000000
5774.00000000
5778.00000000
5782.00000000
5786.00000000
5790.00000000
5794.00000000
5798.00000000
5802.00000000
5806.00000000
5810.00000000
5814.00000000
5818.00000000
5822.00000000
5826.00000000
5830.00000000
5834.00000000
5838.00000000
5842.00000000
5846.00000000
5850.00000000
5854.00000000
5858.00000000
5862.00000000
5866.00000000
5870.00000000
5874.00000000
5878.00000000
5882.00000000
5886.00000000
5890.00000000
5894.00000000
5898.00000000
5902.00000000
5906.00000000
5910.00000000
5914.00000000
5918.00000000
5922.00000000
5926.00000000
5930.00000000
5934.00000000
5938.00000000
5942.00000000
5946.00000000
5950.00000000
5954.00000000
5958.00000000
5962.00000000
5966.00000000
5970.00000000
5974.00000000
5978.00000000
5982.00000000
5986.00000000
5990.00000000
5994.00000000
5998.00000000
6002.00000000
6006.00000000
6010.00000000
6014.00000000
6018.00000000
6022.00000000
6026.00000000
6030.00000000
6034.00000000
6038.00000000
6042.00000000
6046.00000000
6050.00000000
6054.00000000
6058.00000000
6062.00000000
6066.00000000
6070.00000000
6074.00000000
6078.00000000
6082.00000000
6086.00000000
6090.00000000
6094.00000000
6098.00000000
6102.00000000
6106.00000000
6110.00000000
6114.00000000
6118.00000000
6122.00000000
6126.00000000
6130.00000000
6134.00000000
6138.00000000
6142.00000000
6146.00000000
6150.00000000
6154.00000000
6158.00000000
6162.00000000
6166.00000000
6170.00000000
6174.00000000
6178.00000000
6182.00000000
6186.00000000
6190.00000000
6194.00000000
6198.00000000
6202.00000000
6206.00000000
6210.00000000
6214.00000000
6218.00000000
6222.00000000
6226.00000000
6230.00000000
6234.00000000
6238.00000000
6242.00000000
6246.00000000
6250.00000000
6254.00000000
6258.00000000
6262.00000000
6266.00000000
6270.00000000
6274.00000000
6278.00000000
6282.00000000
6286.00000000
6290.00000000
6294.00000000
6298.00000000
6302.00000000
6306.00000000
6310.00000000
6314.00000000
6318.00000000
6322.00000000
6326.00000000
6330.00000000
6334.00000000
6338.00000000
6342.00000000
6346.00000000
6350.00000000
6354.00000000
6358.00000000
6362.00000000
6366.00000000
6370.00000000
6374.00000000
6378.00000000
6382.00000000
6386.00000000
6390.00000000
6394.00000000
6398.00000000
6402.00000000
6406.00000000
6410.00000000
6414.00000000
6418.00000000
6422.00000000
6426.00000000
6430.00000000
6434.00000000
6438.00000000
6442.00000000
6446.00000000
6450.00000000
6454.00000000
6458.00000000
6462.00000000
6466.00000000
6470.00000000
6474.00000000
6478.00000000
6482.00000000
6486.00000000
6490.00000000
6494.00000000
6498.00000000
6502.00000000
6506.00000000
6510.00000000
6514.00000000
6518.00000000
6522.00000000
6526.00000000
6530.00000000
6534.00000000
6538.00000000
6542.00000000
6546.00000000
6550.00000000
6554.00000000
6558.00000000
6562.00000000
6566.00000000
6570.00000000
6574.00000000
6578.00000000
6582.00000000
6586.00000000
6590.00000000
6594.00000000
6598.00000000
6602.00000000
6606.00000000
6610.00000000
6614.00000000
6618.00000000
6622.00000000
6626.00000000
6630.00000000
6634.00000000
6638.00000000
6642.00000000
6646.00000000
6650.00000000
6654.00000000
6658.00000000
6662.00000000
6666.00000000
6670.00000000
6674.00000000
6678.00000000
6682.00000000
6686.00000000
6690.00000000
6694.00000000
6698.00000000
6702.00000000
6706.00000000
6710.00000000
6714.00000000
6718.00000000
6722.00000000
6726.00000000
6730.00000000
6734.00000000
6738.00000000
6742.00000000
6746.00000000
6750.00000000
6754.00000000
6758.00000000
6762.00000000
6766.00000000
6770.00000000
6774.00000000
6778.00000000
6782.00000000
6786.00000000
6790.00000000
6794.00000000
6798.00000000
6802.00000000
6806.00000000
6810.00000000
6814.00000000
6818.00000000
6822.00000000
6826.00000000
6830.00000000
6834.00000000
6838.00000000
6842.00000000
6846.00000000
6850.00000000
6854.00000000
6858.00000000
6862.00000000
6866.00000000
6870.00000000
6874.00000000
6878.00000000
6882.00000000
6886.00000000
6890.00000000
6894.00000000
6898.00000000
6902.00000000
6906.00000000
6910.00000000
6914.00000000
6918.00000000
6922.00000000
6926.00000000
6930.00000000
6934.00000000
6938.00000000
6942.00000000
6946.00000000
6950.00000000
6954.00000000
6958.00000000
6962.00000000
6966.00000000
6970.00000000
6974.00000000
6978.00000000
6982.00000000
6986.00000000
6990.00000000
6994.00000000
6998.00000000
7002.00000000
7006.00000000
7010.00000000
7014.00000000
7018.00000000
7022.00000000
7026.00000000
7030.00000000
7034.00000000
7038.00000000
7042.00000000
7046.00000000
7050.00000000
7054.00000000
7058.00000000
7062.00000000
7066.00000000
7070.00000000
7074.00000000
7078.00000000
7082.00000000
7086.00000000
7090.00000000
7094.00000000
7098.00000000
7102.00000000
7106.00000000
7110.00000000
7114.00000000
7118.00000000
7122.00000000
7126.00000000
7130.00000000
7134.00000000
7138.00000000
7142.00000000
7146.00000000
7150.00000000
7154.00000000
7158.00000000
7162.00000000
7166.00000000
7170.00000000
7174.00000000
7178.00000000
7182.00000000
7186.00000000
7190.00000000
7194.00000000
7198.00000000
7202.00000000
7206.00000000
7210.00000000
7214.00000000
7218.00000000
7222.00000000
7226.00000000
7230.00000000
7234.00000000
7238.00000000
7242.00000000
7246.00000000
7250.00000000
7254.00000000
7258.00000000
7262.00000000
7266.00000000
7270.00000000
7274.00000000
7278.00000000
7282.00000000
7286.00000000
7290.00000000
7294.00000000
7298.00000000
7302.00000000
7306.00000000
7310.00000000
7314.00000000
7318.00000000
7322.00000000
7326.00000000
7330.00000000
7334.00000000
7338.00000000
7342.00000000
7346.00000000
7350.00000000
7354.00000000
7358.00000000
7362.00000000
7366.00000000
7370.00000000
7374.00000000
7378.00000000
7382.00000000
7386.00000000
7390.00000000
7394.00000000
7398.00000000
7402.00000000
7406.00000000
7410.00000000
7414.00000000
7418.00000000
7422.00000000
7426.00000000
7430.00000000
7434.00000000
7438.00000000
7442.00000000
7446.00000000
7450.00000000
7454.00000000
7458.00000000
7462.00000000
7466.00000000
7470.00000000
7474.00000000
7478.00000000
7482.00000000
7486.00000000
7490.00000000
7494.00000000
7498.00000000
7502.00000000
7506.00000000
7510.00000000
7514.00000000
7518.00000000
7522.00000000
7526.00000000
7530.00000000
7534.00000000
7538.00000000
7542.00000000
7546.00000000
7550.00000000
7554.00000000
7558.00000000
7562.00000000
7566.00000000
7570.00000000
7574.00000000
7578.00000000
7582.00000000
7586.00000000
7590.00000000
7594.00000000
7598.00000000
7602.00000000
7606.00000000
7610.00000000
7614.00000000
7618.00000000
7622.00000000
7626.00000000
7630.00000000
7634.00000000
7638.00000000
7642.00000000
7646.00000000
7650.00000000
7654.00000000
7658.00000000
7662.00000000
7666.00000000
7670.00000000
7674.00000000
7678.00000000
7682.00000000
7686.00000000
7690.00000000
7694.00000000
7698.00000000
7702.00000000
7706.00000000
7710.00000000
7714.00000000
7718.00000000
7722.00000000
7726.00000000
7730.00000000
7734.00000000
7738.00000000
7742.00000000
7746.00000000
7750.00000000
7754.00000000
7758.00000000
7762.00000000
7766.00000000
7770.00000000
7774.00000000
7778.00000000
7782.00000000
7786.00000000
7790.00000000
7794.00000000
7798.00000000
7802.00000000
7806.00000000
7810.00000000
7814.00000000
7818.00000000
7822.00000000
7826.00000000
7830.00000000
7834.00000000
7838.00000000
7842.00000000
7846.00000000
7850.00000000
7854.00000000
7858.00000000
7862.00000000
7866.00000000
7870.00000000
7874.00000000
7878.00000000
7882.00000000
7886.00000000
7890.00000000
7894.00000000
7898.00000000
7902.00000000
7906.00000000
7910.00000000
7914.00000000
7918.00000000
7922.00000000
7926.00000000
7930.00000000
7934.00000000
7938.00000000
7942.00000000
7946.00000000
7950.00000000
7954.00000000
7958.00000000
7962.00000000
7966.00000000
7970.00000000
7974.00000000
7978.00000000
7982.00000000
7986.00000000
7990.00000000
7994.00000000
7998.00000000
8002.00000000
8006.00000000
8010.00000000
8014.00000000
8018.00000000
8022.00000000
8026.00000000
8030.00000000
8034.00000000
8038.00000000
8042.00000000
8046.00000000
8050.00000000
8054.00000000
8058.00000000
8062.00000000
8066.00000000
8070.00000000
8074.00000000
8078.00000000
8082.00000000
8086.00000000
8090.00000000
8094.00000000
8098.00000000
8102.00000000
8106.00000000
8110.00000000
8114.00000000
8118.00000000
8122.00000000
8126.00000000
8130.00000000
8134.00000000
8138.00000000
8142.00000000
8146.00000000
8150.00000000
8154.00000000
8158.00000000
8162.00000000
8166.00000000
8170.00000000
8174.00000000
8178.00000000
8182.00000000
8186.00000000
8190.00000000
8194.00000000
8198.00000000
8202.00000000
8206.00000000
8210.00000000
8214.00000000
8218.00000000
8222.00000000
8226.00000000
8230.00000000
8234.00000000
8238.00000000
8242.00000000
8246.00000000
8250.00000000
8254.00000000
8258.00000000
8262.00000000
8266.00000000
8270.00000000
8274.00000000
8278.00000000
8282.00000000
8286.00000000
8290.00000000
8294.00000000
8298.00000000
8302.00000000
8306.00000000
8310.00000000
8314.00000000
8318.00000000
8322.00000000
8326.00000000
8330.00000000
8334.00000000
8338.00000000
8342.00000000
8346.00000000
8350.00000000
8354.00000000
8358.00000000
8362.00000000
8366.00000000
8370.00000000
8374.00000000
8378.00000000
8382.00000000
8386.00000000
8390.00000000
8394.00000000
8398.00000000
8402.00000000
8406.00000000
8410.00000000
8414.00000000
8418.00000000
8422.00000000
8426.00000000
8430.00000000
8434.00000000
8438.00000000
8442.00000000
8446.00000000
8450.00000000
8454.00000000
8458.00000000
8462.00000000
8466.00000000
8470.00000000
8474.00000000
8478.00000000
8482.00000000
8486.00000000
8490.00000000
8494.00000000
8498.00000000
8502.00000000
8506.00000000
8510.00000000
8514.00000000
8518.00000000
8522.00000000
8526.00000000
8530.00000000
8534.00000000
8538.00000000
8542.00000000
8546.00000000
8550.00000000
8554.00000000
8558.00000000
8562.00000000
8566.00000000
8570.00000000
8574.00000000
8578.00000000
8582.00000000
8586.00000000
8590.00000000
8594.00000000
8598.00000000
8602.00000000
8606.00000000
8610.00000000
8614.00000000
8618.00000000
8622.00000000
8626.00000000
8630.00000000
8634.00000000
8638.00000000
8642.00000000
8646.00000000
8650.00000000
8654.00000000
8658.00000000
8662.00000000
8666.00000000
8670.00000000
8674.00000000
8678.00000000
8682.00000000
8686.00000000
8690.00000000
8694.00000000
8698.00000000
8702.00000000
8706.00000000
8710.00000000
8714.00000000
8718.00000000
8722.00000000
8726.00000000
8730.00000000
8734.00000000
8738.00000000
8742.00000000
8746.00000000
8750.00000000
8754.00000000
8758.00000000
8762.00000000
8766.00000000
8770.00000000
8774.00000000
8778.00000000
8782.00000000
8786.00000000
8790.00000000
8794.00000000
8798.00000000
8802.00000000
8806.00000000
8810.00000000
8814.00000000
8818.00000000
8822.00000000
8826.00000000
8830.00000000
8834.00000000
8838.00000000
8842.00000000
8846.00000000
8850.00000000
8854.00000000
8858.00000000
8862.00000000
8866.00000000
8870.00000000
8874.00000000
8878.00000000
8882.00000000
8886.00000000
8890.00000000
8894.00000000
8898.00000000
8902.00000000
8906.00000000
8910.00000000
8914.00000000
8918.00000000
8922.00000000
8926.00000000
8930.00000000
8934.00000000
8938.00000000
8942.00000000
8946.00000000
8950.00000000
8954.00000000
8958.00000000
8962.00000000
8966.00000000
8970.00000000
8974.00000000
8978.00000000
8982.00000000
8986.00000000
8990.00000000
8994.00000000
8998.00000000
9002.00000000
9006.00000000
9010.00000000
9014.00000000
9018.00000000
9022.00000000
9026.00000000
9030.00000000
9034.00000000
9038.00000000
9042.00000000
9046.00000000
9050.00000000
9054.00000000
9058.00000000
9062.00000000
9066.00000000
9070.00000000
9074.00000000
9078.00000000
9082.00000000
9086.00000000
9090.00000000
9094.00000000
9098.00000000
9102.00000000
9106.00000000
9110.00000000
9114.00000000
9118.00000000
9122.00000000
9126.00000000
9130.00000000
9134.00000000
9138.00000000
9142.00000000
9146.00000000
9150.00000000
9154.00000000
9158.00000000
9162.00000000
9166.00000000
9170.00000000
9174.00000000
9178.00000000
9182.00000000
9186.00000000
9190.00000000
9194.00000000
9198.00000000
9202.00000000
9206.00000000
9210.00000000
9214.00000000
9218.00000000
9222.00000000
9226.00000000
9230.00000000
9234.00000000
9238.00000000
9242.00000000
9246.00000000
9250.00000000
9254.00000000
9258.00000000
9262.00000000
9266.00000000
9270.00000000
9274.00000000
9278.00000000
9282.00000000
9286.00000000
9290.00000000
9294.00000000
9298.00000000
9302.00000000
9306.00000000
9310.00000000
9314.00000000
9318.00000000
9322.00000000
9326.00000000
9330.00000000
9334.00000000
9338.00000000
9342.00000000
9346.00000000
9350.00000000
9354.00000000
9358.00000000
9362.00000000
9366.00000000
9370.00000000
9374.00000000
9378.00000000
9382.00000000
9386.00000000
9390.00000000
9394.00000000
9398.00000000
9402.00000000
9406.00000000
9410.00000000
9414.00000000
9418.00000000
9422.00000000
9426.00000000
9430.00000000
9434.00000000
9438.00000000
9442.00000000
9446.00000000
9450.00000000
9454.00000000
9458.00000000
9462.00000000
9466.00000000
9470.00000000
9474.00000000
9478.00000000
9482.00000000
9486.00000000
9490.00000000
9494.00000000
9498.00000000
9502.00000000
9506.00000000
9510.00000000
9514.00000000
9518.00000000
9522.00000000
9526.00000000
9530.00000000
9534.00000000
9538.00000000
9542.00000000
9546.00000000
9550.00000000
9554.00000000
9558.00000000
9562.00000000
9566.00000000
9570.00000000
9574.00000000
9578.00000000
9582.00000000
9586.00000000
9590.00000000
9594.00000000
9598.00000000
