       50000        51000
       51000        52000
       52000        53000
       53000        54000
       54000        55000
       55000        56000
       56000        57000
       57000        58000
       58000        59000
       59000        60000
       60000        61000
       61000        62000
       62000        63000
       63000        64000
       64000        65000
       65000        66000
       66000        67000
       67000        68000
       68000        69000
       69000        70000
       70000        71000
       71000        72000
       72000        73000
       73000        74000
       74000        75000
       75000        76000
       76000        77000
       77000        78000
       78000        79000
       79000        80000
       80000        81000
       81000        82000
       82000        83000
       83000        84000
       84000        85000
       85000        86000
       86000        87000
       87000        88000
       88000        89000
       89000        90000
       90000        92000
       92000        94000
       94000        96000
       96000        98000
       98000       100000
      100000       102000
      102000       104000
      104000       106000
      106000       108000
      108000       110000
      110000       112000
      112000       114000
      114000       116000
      116000       118000
      118000       120000
