        6000         7000
        7000         7500
        7500         8000
        8000         8300
        8300         8600
        8600         8900
        8900         9200
        9200         9400
        9400         9600
        9600         9800
        9800        10000
       10000        10200
       10200        10400
       10400        10600
       10600        10800
       10800        11000
       11000        11200
       11200        11400
       11400        11600
       11600        11800
       11800        12000
       12000        12200
       12200        12400
       12400        12600
       12600        12800
       12800        13000
       13000        13200
       13200        13400
       13400        13600
       13600        13800
       13800        14000
       14000        14200
       14200        14400
       14400        14600
       14600        14800
       14800        15000
       15000        15200
       15200        15400
       15400        15600
       15600        15800
       15800        16000
       16000        16200
       16200        16400
       16400        16600
       16600        16800
       16800        17000
       17000        17200
       17200        17400
       17400        17600
       17600        17800
       17800        18000
       18000        18200
       18200        18400
       18400        18600
       18600        18800
       18800        19000
       19000        19200
       19200        19400
       19400        19600
       19600        19800
       19800        20100
       20100        20400
       20400        20700
       20700        21000
       21000        21300
       21300        21600
       21600        21900
       21900        22200
       22200        22500
       22500        22800
       22800        23100
       23100        23400
       23400        23800
       23800        24200
       24200        24600
       24600        25000
       25000        25500
       25500        26000
       26000        26500
       26500        27000
       27000        27500
       27500        28000