       30000        30400
       30400        30800
       30800        31200
       31200        31600
       31600        32000
       32000        32400
       32400        32800
       32800        33200
       33200        33600
       33600        34000
       34000        34400
       34400        34800
       34800        35200
       35200        35600
       35600        36000
       36000        36400
       36400        36800
       36800        37200
       37200        37600
       37600        38000
       38000        38400
       38400        38800
       38800        39200
       39200        39600
       39600        40000
       40000        40400
       40400        40800
       40800        41200
       41200        41600
       41600        42000
       42000        42400
       42400        42800
       42800        43200
       43200        43600
       43600        44000
       44000        44400
       44400        44800
       44800        45200
       45200        45600
       45600        46000
       46000        46400
       46400        46800
       46800        47200
       47200        47600
       47600        48000
       48000        48400
       48400        48800
       48800        49200
       49200        49600
       49600        50000
       50000        50400
       50400        50800
       50800        51200
       51200        51600
       51600        52000
