       16600        16900
       16900        17200
       17200        17500
       17500        17800
       17800        18100
       18100        18400
       18400        18700
       18700        19000
       19000        19300
       19300        19600
       19600        19900
       19900        20200
       20200        20500
       20500        20800
       20800        21100
       21100        21400
       21400        21700
       21700        22000
       22000        22300
       22300        22600
       22600        22900
       22900        23200
       23200        23500
       23500        23800
       23800        24100
       24100        24400
       24400        24700
       24700        25000
       25000        25300
       25300        25600
       25600        25900
       25900        26200
       26200        26500
       26500        26800
       26800        27100
       27100        27400
       27400        27700
       27700        28000
       28000        28300
       28300        28600
       28600        28900
       28900        29200
       29200        29500
       29500        29800
       29800        30100
